device_: cuda
embed_dim: 1024
hyperparameters:
  dropout_attention: 0.1913202071921565
  dropout_linear: 0.5459929491066904
  learning_rate: 0.016601236061602017
  optimizer: adam
  weight_decay: 0.005580159403479838
max_seq_length: 30
mhc_embed_len: 79
traJ_embed_len: 113
traV_embed_len: 118
trbJ_embed_len: 29
trbV_embed_len: 132
