device_: cuda
embed_dim: 1024
hyperparameters:
  dropout_attention: 0.1944852148113619
  dropout_linear: 0.4667514194859668
  learning_rate: 0.008894422413535951
  optimizer: sgd
  weight_decay: 0.007944154681976043
max_seq_length: 30
mhc_embed_len: 79
traJ_embed_len: 113
traV_embed_len: 118
trbJ_embed_len: 29
trbV_embed_len: 132
