device_: cuda
embed_dim: 1024
hyperparameters:
  dropout_attention: 0.14051600390758243
  dropout_linear: 0.4620213627675807
  learning_rate: 0.007810281400752681
  optimizer: sgd
  weight_decay: 0.009146917668628398
max_seq_length: 30
mhc_embed_len: 79
traJ_embed_len: 112
traV_embed_len: 113
trbJ_embed_len: 29
trbV_embed_len: 129
