device_: cuda
embed_dim: 1024
hyperparameters:
  dropout_attention: 0.157058026215182
  dropout_linear: 0.5124235292930073
  learning_rate: 0.024445023136314383
  optimizer: sgd
  weight_decay: 0.00915256601480633
max_seq_length: 30
mhc_embed_len: 79
traJ_embed_len: 113
traV_embed_len: 118
trbJ_embed_len: 29
trbV_embed_len: 132
