device_: cuda
embed_dim: 1024
hyperparameters:
  dropout_attention: 0.1976874067564199
  dropout_linear: 0.4564853914824681
  learning_rate: 0.008215827419442219
  optimizer: sgd
  weight_decay: 0.009884017452728404
max_seq_length: 30
mhc_embed_len: 79
traJ_embed_len: 113
traV_embed_len: 118
trbJ_embed_len: 29
trbV_embed_len: 132
