device_: cuda
embed_dim: 1024
hyperparameters:
  dropout_attention: 0.19959318905815457
  dropout_linear: 0.4843118665942538
  learning_rate: 0.004808576741390912
  optimizer: sgd
  weight_decay: 0.00588327529415084
max_seq_length: 30
mhc_embed_len: 79
traJ_embed_len: 113
traV_embed_len: 118
trbJ_embed_len: 29
trbV_embed_len: 132
