device_: cuda
embed_dim: 1024
hyperparameters:
  dropout_attention: 0.13590231238768197
  dropout_linear: 0.4777872089321099
  learning_rate: 0.009744328879527064
  optimizer: sgd
  weight_decay: 0.009618238692034096
max_seq_length: 30
mhc_embed_len: 79
traJ_embed_len: 113
traV_embed_len: 118
trbJ_embed_len: 29
trbV_embed_len: 132
