device_: cuda
embed_dim: 1024
hyperparameters:
  dropout_attention: 0.1500325498470521
  dropout_linear: 0.5177111069561309
  learning_rate: 0.017286021245154257
  optimizer: sgd
  weight_decay: 0.008744685065717957
max_seq_length: 30
mhc_embed_len: 79
traJ_embed_len: 113
traV_embed_len: 118
trbJ_embed_len: 29
trbV_embed_len: 132
