device_: cuda
embed_dim: 1024
hyperparameters:
  dropout_attention: 0.2176734599671664
  dropout_linear: 0.5474278988348104
  learning_rate: 0.001138577367367747
  optimizer: sgd
  weight_decay: 0.008325151861886863
max_seq_length: 30
mhc_embed_len: 79
traJ_embed_len: 113
traV_embed_len: 118
trbJ_embed_len: 29
trbV_embed_len: 132
