device_: cuda
embed_dim: 1024
hyperparameters:
  dropout_attention: 0.2193108082795543
  dropout_linear: 0.542683064038078
  learning_rate: 0.07559627135932026
  optimizer: sgd
  weight_decay: 0.009666005953778724
max_seq_length: 30
mhc_embed_len: 79
traJ_embed_len: 113
traV_embed_len: 118
trbJ_embed_len: 29
trbV_embed_len: 132
