device_: cuda
embed_dim: 1024
hyperparameters:
  dropout_attention: 0.1933295978342736
  dropout_linear: 0.4954212286403701
  learning_rate: 0.004787433347139152
  optimizer: sgd
  weight_decay: 0.0090364958665209
max_seq_length: 30
mhc_embed_len: 79
traJ_embed_len: 113
traV_embed_len: 118
trbJ_embed_len: 29
trbV_embed_len: 132
